            1   9.4799111E-03   4.9875892E-04   3.8823476E-03
            2   2.5624255E-02   4.9875892E-04   3.8987435E-03
            3   5.5420380E-02   4.9875892E-04   4.1056047E-03
            4   0.1040418       4.9875892E-04   4.3614549E-03
            5   0.1770984       4.9875892E-04   4.5993826E-03
            6   0.2805735       4.9875892E-04   4.7770524E-03
            7   0.4207698       4.9875892E-04   4.9130018E-03
            8   0.6042638       4.9875892E-04   4.9757720E-03
            9   0.8378713       4.9875892E-04   4.9757720E-03
           10    1.128613       4.9875892E-04   4.9757720E-03
           11    1.483689       4.9875892E-04   4.9757720E-03
           12    1.910449       4.9875892E-04   4.9757720E-03
           13    2.416375       4.9875892E-04   4.9757720E-03
           14    3.009058       4.9875892E-04   4.9757720E-03
           15    3.696179       4.9875892E-04   4.9757720E-03
           16    4.485495       4.9875892E-04   4.9757720E-03
           17    5.384819       4.9875892E-04   4.9757720E-03
           18    6.402009       4.9875892E-04   4.9757720E-03
           19    7.544956       4.9875892E-04   4.9757720E-03
           20    8.821567       4.9875892E-04   4.9757720E-03
           21    10.23975       4.9875892E-04   4.9757720E-03
           22    11.80743       4.9875892E-04   4.9757720E-03
           23    13.53248       4.9875892E-04   4.9757720E-03
           24    15.42280       4.9875892E-04   4.9757720E-03
           25    17.48620       4.9875892E-04   4.9757720E-03
           26    19.73050       4.9875892E-04   4.9757720E-03
           27    22.16343       4.9875892E-04   4.9757720E-03
           28    24.79270       4.9875892E-04   5.0152005E-03
           29    27.62593       4.9875892E-04   5.1453318E-03
           30    30.67068       4.9875892E-04   5.2836402E-03
           31    33.93444       4.9875892E-04   5.3615295E-03
           32    37.42460       4.9875892E-04   5.4211444E-03
           33    41.14848       4.9875892E-04   5.4789078E-03
           34    45.11329       4.9875892E-04   5.5349236E-03
           35    49.32617       4.9875892E-04   5.6057945E-03
           36    53.79412       4.9875892E-04   5.7219812E-03
           37    58.52406       4.9875892E-04   5.8683050E-03
           38    63.52280       4.9875892E-04   6.4223586E-03
           39    68.79700       4.9875892E-04   8.2197851E-03
           40    74.35326       4.9875892E-04   1.0768587E-02
           41    80.19799       4.9875892E-04   1.3782969E-02
           42    86.33752       4.9875892E-04   1.6988128E-02
           43    92.77805       4.9875892E-04   2.0602953E-02
           44    99.52562       4.9875892E-04   2.4352361E-02
           45    106.5862       4.9875892E-04   2.9246092E-02
           46    113.9654       4.9875892E-04   3.6281489E-02
           47    121.6691       4.9875892E-04   4.4178184E-02
           48    129.7027       4.9875892E-04   5.3626079E-02
           49    138.0715       4.9875892E-04   6.8257183E-02
           50    146.7808       4.9875892E-04   8.6233936E-02
           51    155.8356       4.9875892E-04   0.1038264    
           52    165.2408       4.9875892E-04   0.1256363    
           53    175.0013       4.9875892E-04   0.1524372    
           54    185.1215       4.9875892E-04   0.1795462    
           55    195.6060       5.0429872E-04   0.2068143    
           56    206.4590       5.6990649E-04   0.2411872    
           57    217.6847       6.8887853E-04   0.2823481    
           58    229.2871       8.0556102E-04   0.3302207    
           59    241.2700       9.2002866E-04   0.3841722    
           60    253.6370       1.0956717E-03   0.4466950    
           61    266.3917       1.3479582E-03   0.5180129    
           62    279.5374       1.6122058E-03   0.5986155    
           63    293.0772       1.8716904E-03   0.6910059    
           64    307.0142       1.7508563E-03   0.7707195    
           65    321.3513       1.5130629E-03   0.8992580    
           66    336.0911       1.2520619E-03    1.145368    
           67    351.2362       1.2286591E-03    1.423886    
           68    366.7889       1.4135020E-03    1.760518    
           69    382.7514       1.5907433E-03    2.117699    
           70    399.1258       1.7578742E-03    2.455018    
           71    415.9139       1.9230332E-03    2.755828    
           72    433.1175       2.1803908E-03    3.085718    
           73    450.7381       2.5250479E-03    3.485150    
           74    468.7771       3.5874678E-03    3.891645    
           75    487.2357       4.4946065E-03    4.305125    
           76    506.1149       1.0603956E-02    4.741547    
           77    525.4157       1.4308238E-02    5.151421    
           78    545.1388       1.5552168E-02    5.551493    
           79    565.2848       1.6952334E-02    5.996491    
           80    585.8541       1.8663445E-02    6.621227    
           81    606.8469       2.0529309E-02    7.337417    
           82    628.2634       2.2395205E-02    8.038507    
           83    650.1035       2.4104929E-02    8.724227    
           84    672.3670       2.5659833E-02    9.340285    
           85    695.0535       2.7370917E-02    10.16761    
           86    718.1625       2.9236803E-02    11.12789    
           87    741.6933       3.1415075E-02    11.84437    
           88    765.6451       3.4215372E-02    12.37090    
           89    790.0168       3.7325267E-02    12.86083    
           90    814.8074       4.0435076E-02    13.40518    
           91    840.0156       4.4325735E-02    14.96877    
           92    865.6398       4.9771421E-02    16.69333    
           93    891.6786       5.5991191E-02    18.55682    
           94    918.1302       6.5334342E-02    20.60680    
           95    944.9927       5.9391912E-02    23.11984    
           96    972.2642       5.2588049E-02    25.87889    
           97    999.9423       4.6022076E-02    28.60195    
           98    1028.025       3.9543349E-02    31.28883    
           99    1056.510       3.3150222E-02    33.94020    
          100    1085.394       2.6841104E-02    36.55674    
